0.01 0.08 0.11 1/753 12892
0.01 0.08 0.11 1/753 12908
0.01 0.08 0.11 1/753 12932
0.01 0.08 0.11 1/753 12952
0.01 0.08 0.11 1/753 12958
0.01 0.08 0.11 1/753 12989
0.01 0.08 0.11 1/753 13005
0.09 0.09 0.12 1/753 13029
0.09 0.09 0.12 1/753 13049
0.09 0.09 0.12 1/753 13055
0.06 0.08 0.11 1/753 13086
0.06 0.08 0.11 1/753 13102
0.06 0.08 0.11 1/753 13126
0.06 0.08 0.11 1/753 13146
0.06 0.08 0.11 1/753 13152
0.26 0.16 0.11 1/752 13211
0.26 0.16 0.11 1/752 13227
0.26 0.16 0.11 1/752 13251
0.40 0.19 0.12 1/752 13271
0.40 0.19 0.12 1/752 13277
